<?xml version="1.0"?>
<opencv_storage>
<Descriptor_of_image type_id="opencv-matrix">
  <rows>1</rows>
  <cols>4536</cols>
  <dt>f</dt>
  <data>
    1.33004244e-02 7.88137168e-02 3.17266226e-01 2.86453336e-01
    3.17266226e-01 1.06211314e-02 1.41441089e-03 2.39166315e-03
    2.27226391e-02 6.32594153e-02 1.13117532e-03 2.07672343e-01
    1.79496229e-01 3.17266226e-01 1.91560411e-03 1.09440852e-02
    1.82934906e-02 1.40242502e-01 3.49574052e-02 3.71206589e-02
    3.17266226e-01 3.17266226e-01 3.17266226e-01 1.65731441e-02
    1.46102533e-03 7.99293444e-03 3.95470373e-02 7.26130828e-02
    9.28804558e-03 1.91370666e-01 1.90707490e-01 3.17266226e-01
    1.68529786e-02 1.02271782e-02 3.65621597e-02 1.38156205e-01
    1.53837865e-02 5.05075231e-03 1.46432206e-01 5.78400232e-02
    1.77415386e-01 1.40720196e-02 5.76529140e-03 6.85987016e-03
    3.44923474e-02 9.65705141e-02 5.87748401e-02 3.49208564e-01
    2.18722627e-01 2.76805967e-01 3.38059813e-02 3.59637453e-03
    1.67312543e-03 3.17293331e-02 1.76584646e-02 7.22767264e-02
    3.49208564e-01 1.68168977e-01 3.49208564e-01 1.28630940e-02
    2.48710345e-03 1.15194609e-02 3.32754999e-02 1.48959294e-01
    3.49208564e-01 3.49208564e-01 2.65335262e-01 2.37915397e-01
    6.72378689e-02 0. 2.16209725e-03 2.06804462e-02 1.04536258e-01
    4.19916809e-02 3.30192655e-01 3.21721405e-01 3.30192655e-01
    6.41471893e-02 3.53667885e-04 8.71642900e-04 3.74593288e-02
    3.16105708e-02 4.91633173e-03 1.81504637e-02 2.73269981e-01
    3.30192655e-01 8.47687721e-02 0. 6.10150024e-03 3.41241807e-02
    1.70198768e-01 2.10831732e-01 3.30192655e-01 1.10350348e-01
    3.30192655e-01 1.15194991e-01 0. 0. 2.23598965e-02 1.11425549e-01
    4.82730940e-02 1.57108288e-02 1.12292103e-01 3.30192655e-01
    9.66573060e-02 0. 0. 9.83263925e-03 2.42781360e-02 1.92227075e-03
    2.51803368e-01 2.79778779e-01 2.79778779e-01 3.41523513e-02
    5.32201305e-03 1.29102850e-02 7.26690516e-02 3.41328010e-02
    9.24081206e-02 2.79778779e-01 1.38827831e-01 2.79778779e-01
    7.63797984e-02 1.29588740e-02 2.10420787e-02 5.02980873e-02
    2.70314254e-02 2.87744366e-02 1.46574751e-01 2.12733954e-01
    2.79778779e-01 9.12358835e-02 3.33617292e-02 2.50888132e-02
    1.09435633e-01 1.90996051e-01 2.79778779e-01 2.79778779e-01
    2.67741710e-01 2.79778779e-01 2.38756970e-01 2.92660799e-02
    9.73376818e-03 7.70738497e-02 1.08963829e-02 1.40459910e-01
    2.89179116e-01 1.38647676e-01 1.65368214e-01 1.31543586e-02
    1.90507097e-03 3.09225102e-03 2.86892732e-03 2.58490760e-02
    2.88471133e-01 2.89179116e-01 2.52865463e-01 1.91579640e-01
    8.82928222e-02 0. 2.50056764e-04 4.34200605e-03 1.08984925e-01
    2.89179116e-01 2.89179116e-01 2.15183049e-01 1.41916797e-01
    4.72069234e-02 2.00327975e-03 7.35875074e-05 8.63349997e-03
    5.82822822e-02 2.35384315e-01 2.89179116e-01 2.89179116e-01
    2.89179116e-01 1.14823274e-01 0. 0. 1.29822427e-02 6.41338676e-02
    1.80520535e-01 2.24568769e-01 1.44055933e-01 3.80505204e-01
    1.43704563e-01 1.87039273e-04 4.33421042e-03 1.92964710e-02
    9.98367518e-02 1.30969092e-01 1.51401032e-02 1.02061234e-01
    3.80505204e-01 5.82464486e-02 1.30927481e-03 3.03394701e-02
    1.44070964e-02 1.14269421e-01 2.36340687e-02 7.75715187e-02
    1.54663488e-01 3.80505204e-01 1.42042980e-01 2.74585700e-03
    1.52148735e-02 5.71660101e-02 1.53052777e-01 2.50220031e-01
    2.53656566e-01 9.32483748e-02 3.80505204e-01 7.02727661e-02
    1.92210004e-02 1.06504127e-01 5.37293106e-02 1.05249304e-02
    4.96030152e-02 6.56023249e-02 9.61311013e-02 1.46167502e-01
    4.32459936e-02 2.52977293e-02 5.42782135e-02 4.88269292e-02
    9.75559577e-02 3.11205238e-01 3.11205238e-01 3.11205238e-01
    2.14615703e-01 5.65239824e-02 1.18753863e-02 2.38176454e-02
    3.50957364e-02 3.03398538e-02 2.53566325e-01 2.37982228e-01
    1.86040297e-01 1.82539552e-01 1.93736088e-02 4.82974835e-02
    1.09070338e-01 4.00841162e-02 4.64641191e-02 3.11205238e-01
    3.11205238e-01 3.11205238e-01 3.11205238e-01 1.31075447e-02
    2.13885028e-02 5.29943556e-02 3.64004634e-02 1.17713071e-01
    2.99542606e-01 2.99542606e-01 2.99542606e-01 1.66833326e-01
    4.10521701e-02 9.83750564e-04 0. 1.22590223e-02 4.82666492e-02
    1.78005040e-01 1.23671331e-01 2.23255292e-01 2.99542606e-01
    8.55277404e-02 0. 0. 1.90297868e-02 3.59840542e-02 2.84920216e-01
    2.99542606e-01 2.99542606e-01 2.99542606e-01 4.30474244e-02 0. 0.
    4.86609675e-02 4.08388563e-02 3.40178497e-02 5.71025349e-02
    1.57485291e-01 2.99542606e-01 6.21408597e-02 0. 0. 8.60237926e-02
    4.78719026e-02 7.21040706e-04 5.25265932e-03 5.37992902e-02
    3.85341406e-01 5.29766269e-02 1.90762582e-03 5.47286775e-03
    3.93147953e-02 5.08153103e-02 1.07372284e-01 2.74903506e-01
    9.75011885e-02 3.85341406e-01 8.95135030e-02 1.46630034e-02
    4.29106914e-02 2.90255006e-02 2.54403055e-02 2.45290622e-03
    2.06385925e-02 4.92861681e-02 3.85341406e-01 6.43054917e-02
    2.67875148e-04 5.12679981e-04 3.87807712e-02 1.32019604e-02
    4.97434214e-02 2.09998921e-01 3.85341406e-01 3.85341406e-01
    2.76051134e-01 1.72482450e-02 3.57930809e-02 1.81810539e-02
    8.42981860e-02 2.51110047e-01 2.55341381e-01 1.89871728e-01
    1.74617931e-01 4.15936671e-03 1.24493679e-02 2.41147578e-02
    3.50803509e-02 1.01933777e-01 2.69756585e-01 2.69756585e-01
    2.69756585e-01 2.69756585e-01 1.73477419e-02 6.10058848e-03
    1.18486965e-02 5.34475483e-02 1.26951605e-01 2.69756585e-01
    2.69756585e-01 2.69756585e-01 1.33844018e-01 2.39268411e-02
    4.97609435e-04 0. 3.26296017e-02 9.79131758e-02 2.69756585e-01
    1.47286952e-01 2.23079979e-01 2.69756585e-01 8.31467807e-02
    3.48326610e-03 0. 3.36643308e-02 5.26041202e-02 9.84294415e-02
    1.12726495e-01 2.42254004e-01 4.37196165e-01 3.12737972e-02 0. 0.
    8.58857259e-02 6.70203567e-02 2.22885492e-03 4.87453723e-03
    9.40034091e-02 4.37196165e-01 8.19365978e-02 1.86931016e-03
    2.27201474e-03 1.28322706e-01 9.85977724e-02 4.00950499e-02
    9.89525672e-03 9.84441489e-02 4.37196165e-01 8.05852041e-02
    1.82035670e-03 0. 5.26104607e-02 1.48796499e-01 1.56420399e-03
    6.50126894e-04 1.32412046e-01 4.37196165e-01 1.61781505e-01
    3.83622549e-03 3.78669193e-03 7.78369978e-02 1.77004002e-02
    1.34008545e-02 5.83795086e-02 3.70321758e-02 3.44743460e-01
    5.05172834e-02 3.38141760e-03 4.10987530e-03 1.55199170e-02
    7.36541254e-03 9.38059837e-02 3.44743460e-01 2.66016960e-01
    3.44743460e-01 1.35325715e-01 1.04523487e-02 1.28849298e-02
    2.50246096e-03 2.93691028e-02 4.16601337e-02 1.01855718e-01
    6.88400939e-02 3.44743460e-01 1.03204116e-01 6.93939393e-03
    6.84979279e-03 7.74638215e-03 2.02039964e-02 1.54958755e-01
    3.44743460e-01 3.44743460e-01 3.44743460e-01 7.30222538e-02
    4.94329398e-03 4.10987530e-03 4.64958488e-04 1.88803315e-01
    2.86417067e-01 2.86417067e-01 2.86417067e-01 2.18354926e-01
    3.58934440e-02 2.16413545e-03 5.15099382e-03 8.76530483e-02
    3.85897011e-02 1.21591933e-01 1.13783844e-01 1.58142939e-01
    2.86417067e-01 1.21265963e-01 6.80783112e-03 0. 1.42374141e-02
    2.43770540e-01 2.52764255e-01 2.79940993e-01 1.52354851e-01
    2.86417067e-01 3.97143997e-02 3.87509912e-03 1.73587818e-02
    1.22691602e-01 1.32881224e-01 5.24836332e-02 7.09459558e-02
    1.94276214e-01 2.86417067e-01 9.72526148e-02 1.70460455e-02
    1.53325185e-01 7.16354921e-02 8.62795562e-02 1.22845257e-02
    6.06902502e-03 4.13068272e-02 4.18268412e-01 9.69695374e-02
    2.34137150e-03 0. 1.50329378e-02 1.43078104e-01 9.51656140e-03
    8.96089058e-03 1.16546407e-01 4.18268412e-01 1.68787181e-01
    7.37101361e-02 6.59150886e-04 2.19328646e-02 5.99730574e-02
    5.48833013e-02 6.30174503e-02 1.92277566e-01 4.18268412e-01
    1.09059811e-01 2.29179282e-02 1.26461551e-01 3.29134613e-02
    7.46792778e-02 6.66268915e-02 4.81599458e-02 1.27326339e-01
    4.18268412e-01 2.28829578e-01 2.17396080e-01 5.25350086e-02
    2.11883057e-02 3.89057994e-02 1.19042173e-01 6.24453500e-02
